ch
0100011
1111110
1000000
0010001
1001001
0001000
0000010
1000000
1101100
0110001
0100000
0010110
0100000
1000000
0000110
0100010
1000100
0110110
0000010
1000000
1011110
1000000
0000100
0100000
0000010
0000010
0110001
1010110
1100000
0000001
0000101
0100001
0000100
1010000
0000010
1000000
0000100
1000000
0001000
1010101
0100010
1100000
1000000
0101001
1001110
1000111
0100000
0100110
1001000
1001011
1000000
1110000
1000000
1101010
1010100
0100101
0100000
1100000
1000100
0110100
0101100
0101000
0101000
0110100
0100010
0101010
0011100
0010000
0100000
0010000
0011010
0011000
0010000
0011000
0011000
0010000
0010000
0011100
0011010
0001010
0001000
0001000
0001000
0001000
0000101
0000110
0000100
0000010
0000011
0000010
0000010
0000001
0001101
0000100
0000110
0000110
0111000
0010000
0010000
0000100
0000010
0011011
0000001
0000100
0001000
0000100
0010001
0010000
